point1;point2;point3;time
4.06;1.91;2.04;204
4.56;1.91;1.62;408
4.41;1.91;1.39;612
3.90;2.03;1.39;816
5.60;1.85;1.35;1020
5.26;1.77;1.15;1224
4.32;1.64;1.03;1428
5.67;1.37;1.03;1632
6.39;1.20;1.21;1837
8.22;1.55;1.11;2041
8.90;1.47;1.93;2245
10.35;1.91;2.12;2449
10.35;1.43;2.61;2653
10.87;1.58;2.15;2857
9.37;1.18;2.06;3061
8.76;1.39;2.15;3265
9.09;1.81;2.06;3469
8.96;1.81;2.10;3673
7.84;2.61;1.83;3877
7.72;3.05;2.23;4081
7.93;3.22;1.87;4285
8.02;3.40;1.99;4489
7.60;3.20;1.98;4694
6.68;3.37;1.98;4898
7.48;3.76;2.30;5102
7.69;3.76;2.30;5306
6.87;3.84;2.34;5510
6.87;3.84;2.76;5714
6.49;3.84;2.44;5918
7.90;4.87;3.42;6122
7.90;4.87;3.06;6326
7.60;4.71;2.76;6531
7.39;5.03;2.87;6735
7.39;4.35;2.99;6939
7.39;4.50;3.11;7143
7.31;4.20;3.48;7347
7.10;4.00;3.17;7552
6.71;3.87;3.17;7756
6.99;4.14;2.30;7960
6.99;3.87;2.25;8164
6.68;3.60;2.06;8368
7.16;4.20;1.63;8572
6.85;4.20;1.97;8776
6.09;4.41;2.19;8980
5.81;4.12;2.39;9184
5.13;3.76;2.19;9389
5.13;3.13;1.92;9593
4.97;2.95;1.87;9797
5.37;2.77;1.70;10001
5.20;2.77;1.36;10205
5.04;2.45;0.89;10409
4.57;2.77;0.97;10613
4.72;2.81;1.08;10817
4.72;2.93;1.49;11021
4.48;2.70;1.38;11225
4.48;2.49;1.68;11429
4.34;2.49;1.56;11633
4.34;2.29;1.48;11837
4.79;2.49;1.41;12041
4.34;2.23;1.41;12246
4.25;2.33;1.23;12450
4.55;2.28;1.37;12654
4.40;2.37;1.44;12858
4.25;2.09;1.47;13062
3.31;1.61;0.95;13266
2.96;1.53;0.90;13470
3.07;1.53;0.79;13674
3.19;1.46;0.84;13878
3.44;1.39;0.92;14083
3.31;1.57;0.98;14287
3.64;1.53;0.87;14491
3.77;1.49;0.82;14695
3.38;1.49;0.82;14899
3.59;1.46;0.98;15104
3.59;1.39;0.89;15308
3.46;1.32;0.52;15512
3.46;0.94;0.34;15716
3.79;1.09;0.34;15920
3.53;1.03;0.43;16124
4.07;1.66;0.89;16328
3.79;1.74;0.84;16532
3.53;1.70;0.74;16736
3.40;1.55;0.69;16941
3.23;1.70;0.84;17145
3.11;1.59;0.95;17349
2.99;1.51;0.95;17553
3.11;1.44;0.89;17757
2.99;1.41;0.87;17961
2.76;1.27;0.77;18165
2.44;1.27;0.70;18369
2.76;1.24;0.84;18573
3.11;1.24;0.82;18777
3.23;1.31;0.63;18981
3.79;1.31;0.72;19185
3.60;1.53;0.70;19389
3.23;1.76;0.70;19593
3.11;1.81;0.85;19798
2.76;1.99;1.14;20002
2.76;1.73;1.34;20206
2.65;1.49;0.94;20410
3.35;1.73;0.39;20614
3.35;1.65;0.28;20818
4.44;1.78;0.53;21022
4.74;1.95;0.61;21226
5.06;2.32;0.78;21430
5.32;2.42;1.05;21635
5.15;2.42;1.24;21839
5.49;2.53;1.42;22043
4.83;2.74;1.57;22247
4.68;2.59;1.42;22451
4.03;2.80;1.49;22656
3.76;2.59;1.46;22860
3.55;2.48;1.77;23064
4.38;2.69;1.69;23268
3.68;2.80;1.53;23472
3.17;1.91;0.97;23676
3.81;1.83;0.81;23880
3.35;1.74;0.81;24084
2.99;1.66;0.72;24288
3.28;1.51;0.92;24493
2.92;1.51;0.81;24697
2.75;1.32;0.87;24901
3.33;1.15;0.97;25105
4.05;0.81;0.67;25309
4.88;1.15;0.64;25513
5.37;1.31;0.52;25717
6.43;1.45;0.60;25921
5.89;1.48;0.81;26125
6.43;1.88;0.71;26329
7.01;2.15;0.86;26533
8.62;3.53;1.31;26737
9.08;3.16;1.76;26941
9.80;3.28;2.06;27145
10.05;2.81;2.15;27350
9.08;2.64;2.35;27554
9.80;2.05;3.18;27758
9.70;2.43;3.18;27962
9.60;2.14;3.30;28166
9.60;2.75;3.89;28370
9.73;3.41;4.32;28574
9.60;3.53;3.97;28778
9.49;3.48;3.19;28982
7.69;2.88;3.31;29187
7.90;3.74;2.91;29391
7.69;3.74;3.51;29595
7.99;3.61;3.14;29799
7.99;3.48;2.58;30003
8.21;3.11;2.58;30208
8.34;3.16;2.37;30412
8.34;3.28;2.08;30616
8.12;3.88;1.74;30820
8.56;4.16;1.61;31024
9.15;4.30;2.32;31228
9.15;4.53;2.22;31432
9.77;4.69;2.22;31636
10.02;5.16;2.56;31840
9.29;5.09;3.01;32045
9.05;5.53;3.57;32249
8.96;5.36;3.70;32453
8.28;5.03;3.77;32657
7.10;5.03;3.51;32861
6.52;4.50;3.21;33065
6.33;4.35;2.97;33269
6.79;4.06;3.21;33473
7.19;3.79;2.97;33677
6.60;3.03;2.33;33881
6.99;3.20;2.23;34085
6.71;3.84;2.14;34289
7.10;4.12;2.47;34493
6.52;3.71;2.69;34697
5.71;3.65;2.79;34902
5.61;3.65;2.69;35106
6.25;3.40;2.53;35310
5.71;3.27;2.53;35514
5.54;3.03;2.33;35718
4.73;2.98;1.78;35922
4.34;2.54;0.79;36126
4.19;2.24;1.13;36330
3.70;2.05;1.26;36534
4.40;1.79;1.01;36739
6.22;2.24;0.90;36943
6.52;2.44;1.29;37147
6.71;1.88;1.58;37351
6.15;2.00;1.43;37555
6.52;2.28;1.22;37760
6.25;1.91;1.82;37964
6.25;2.59;1.43;38168
7.51;2.69;0.87;38372
7.22;3.03;1.16;38576
6.82;3.03;0.81;38780
7.42;2.92;1.00;38984
7.02;2.80;1.25;39188
6.82;2.87;1.18;39392
7.02;2.44;1.02;39597
6.74;2.38;1.15;39801
5.99;2.59;1.28;40005
4.51;2.48;1.21;40209
4.66;2.28;1.08;40413
3.21;1.83;1.02;40617
2.86;1.74;0.76;40821
2.97;1.48;0.76;41025
3.46;1.33;0.71;41229
3.59;0.90;0.50;41433
3.78;0.66;0.43;41637
4.34;0.44;0.36;41841
4.70;0.51;0.54;42045
4.70;0.67;0.60;42249
4.70;0.63;0.74;42454
5.02;0.82;0.56;42658
4.86;0.84;0.74;42862
4.55;1.28;0.74;43066
4.70;1.49;0.89;43270
5.35;1.73;0.76;43474
5.51;1.81;1.08;43678
5.51;2.17;1.42;43882
5.44;1.99;1.12;44086
5.61;2.17;1.25;44291
5.71;2.27;1.46;44495
5.20;2.47;1.61;44699
5.04;2.53;1.66;44903
4.64;2.53;1.91;45107
4.19;1.83;1.58;45312
4.19;1.83;1.70;45516
3.97;1.83;1.40;45720
3.19;1.62;1.13;45924
3.37;1.54;1.26;46128
3.62;1.62;0.95;46332
3.30;1.57;1.19;46536
3.89;1.53;1.29;46740
3.89;1.80;1.03;46944
4.92;2.35;1.61;47149
5.42;2.66;1.77;47353
5.35;2.66;1.64;47557
5.02;2.88;1.73;47761
4.86;2.83;1.89;47965
4.55;2.83;2.32;48169
3.76;2.72;2.03;48373
4.03;2.51;2.03;48577
3.89;2.27;1.74;48781
4.32;1.57;1.43;48985
4.32;1.49;1.58;49189
4.17;1.42;1.22;49393
3.62;1.53;1.43;49597
3.49;1.76;1.16;49801
3.24;1.76;1.22;50006
3.62;1.85;1.18;50210
3.49;1.76;1.39;50414
3.37;1.60;1.29;50618
2.36;1.60;1.09;50822
2.40;1.57;1.22;51026
2.94;1.35;1.22;51230
3.55;1.42;1.16;51434
3.81;1.28;1.03;51638
3.68;1.28;0.92;51843
3.68;1.42;0.72;52047
3.81;1.53;0.54;52251
3.81;1.68;0.63;52455
3.81;1.42;0.63;52659
4.23;1.45;0.67;52864
4.68;1.65;0.64;53068
4.46;1.81;0.84;53272
4.46;2.17;0.78;53476
4.17;2.17;0.78;53680
4.92;2.32;1.12;53884
5.18;2.23;1.32;54088
4.86;2.23;1.50;54292
3.39;1.58;0.92;54496
2.91;1.58;0.76;54701
2.69;1.55;1.03;54905
2.37;1.40;0.95;55109
2.69;1.33;0.65;55313
2.54;1.11;0.70;55517
2.64;1.05;0.68;55721
2.97;0.88;0.51;55925
2.86;0.93;0.55;56129
2.54;1.02;0.55;56333
2.05;1.02;0.49;56537
1.96;1.02;0.42;56741
2.23;1.08;0.53;56945
2.23;1.08;0.46;57149
2.05;1.08;0.60;57353
2.86;1.42;0.83;57558
2.91;1.35;0.88;57762
2.80;1.35;0.93;57966
2.97;1.35;1.11;58170
3.51;1.28;0.97;58374
3.59;1.42;0.88;58578
3.26;1.49;0.78;58782
2.86;1.57;0.64;58986
2.48;1.53;0.73;59190
2.58;1.39;0.78;59395
1.99;1.25;0.60;59599
2.09;0.94;0.73;59803
2.18;0.62;0.68;60007
2.48;0.66;0.68;60211
2.69;0.76;0.52;60416
2.73;0.81;0.52;60620
2.84;0.97;0.52;60824
2.62;1.02;0.52;61028
2.67;1.08;0.52;61232
2.67;1.15;0.48;61436
2.78;1.15;0.60;61640
3.37;1.08;0.61;61844
3.06;1.05;0.68;62048
2.40;0.99;0.66;62253
2.44;0.99;0.66;62457
2.87;1.11;0.66;62661
2.55;1.13;0.66;62865
3.60;1.13;0.70;63069
3.48;0.92;0.70;63273
3.48;1.16;0.72;63477
3.60;1.39;0.72;63681
3.87;1.32;0.79;63885
3.68;1.32;0.79;64089
3.81;1.39;0.76;64293
3.55;1.54;0.76;64497
3.06;1.12;0.45;64701
3.06;1.35;0.52;64905
3.06;1.25;0.64;65110
2.72;1.19;0.74;65314
2.50;1.00;0.72;65518
2.34;1.06;0.47;65722
2.34;0.95;0.43;65926
2.34;0.89;0.40;66130
2.19;0.79;0.34;66334
2.59;0.67;0.40;66538
2.19;0.58;0.40;66742
1.92;0.50;0.40;66947
1.96;0.64;0.29;67151
2.23;0.69;0.28;67355
2.14;0.60;0.23;67559
2.97;0.85;0.19;67763
3.09;0.85;0.19;67968
2.97;0.96;0.29;68172
2.86;0.96;0.38;68376
2.75;1.02;0.27;68580
2.86;1.02;0.28;68784
3.21;1.08;0.33;68988
2.97;1.02;0.39;69192
3.02;0.96;0.39;69396
3.26;1.02;0.23;69600
3.57;0.96;0.34;69805
3.14;1.02;0.37;70009
3.02;1.08;0.41;70213
3.02;0.96;0.44;70417
3.14;1.10;0.37;70621
3.38;1.30;0.44;70825
3.44;1.30;0.47;71029
2.91;1.37;0.44;71233
2.69;1.51;0.65;71437
2.58;1.37;0.55;71641
2.58;1.51;0.70;71845
2.79;1.44;0.61;72049
2.58;1.37;0.55;72253
2.52;1.26;0.67;72457
2.84;1.47;0.63;72662
2.62;1.51;0.67;72866
2.22;1.47;0.67;73070
2.42;1.44;0.60;73274
2.73;1.37;0.52;73478
2.42;1.30;0.56;73682
1.86;1.37;0.56;73886
1.89;1.51;0.60;74090
1.98;1.44;0.65;74294
2.26;1.37;0.63;74499
2.26;1.30;0.59;74703
1.81;0.72;0.45;74907
1.84;0.79;0.37;75111
2.02;0.84;0.37;75315
2.25;0.74;0.47;75520
2.40;0.74;0.51;75724
3.11;0.76;0.42;75928
3.61;0.81;0.49;76132
4.01;0.89;0.49;76336
4.59;0.60;0.42;76540
4.36;0.94;0.32;76744
5.06;1.35;0.19;76948
5.06;1.72;0.21;77152
4.30;2.07;0.29;77357
5.06;2.26;1.00;77561
4.90;2.56;1.24;77765
5.91;3.24;1.50;77969
6.02;3.37;1.77;78173
6.38;3.24;1.90;78377
6.96;3.30;2.27;78581
6.02;3.37;1.99;78785
5.84;3.76;1.85;78989
5.49;4.17;1.57;79193
5.16;3.76;1.90;79397
4.93;3.31;2.37;79601
4.32;3.07;2.08;79805
3.89;2.52;2.17;80009
3.89;2.32;1.61;80214
3.62;1.94;1.57;80418
4.17;1.61;1.35;80622
3.89;1.61;1.15;80826
3.62;1.61;0.97;81030
3.57;1.53;0.76;81234
3.31;1.64;0.81;81438
3.37;1.61;0.81;81642
3.44;1.77;0.81;81846
3.70;1.86;0.81;82051
3.70;1.77;0.97;82255
3.07;1.94;1.09;82459
2.32;2.03;1.03;82663
1.35;2.28;0.97;82867
2.17;2.28;1.28;83072
2.94;1.99;1.05;83276
3.11;1.66;1.22;83480
2.61;1.66;1.12;83684
2.99;1.66;1.03;83888
3.35;1.82;1.03;84092
3.68;1.86;0.97;84296
3.95;1.86;1.15;84500
4.09;1.77;1.06;84704
4.68;1.69;1.32;84909
4.23;1.69;0.95;85113
3.23;1.21;0.60;85317
3.48;1.02;0.52;85521
3.93;1.08;0.47;85725
4.36;1.08;0.43;85929
4.21;1.11;0.41;86133
3.87;1.20;0.45;86337
3.74;1.08;0.29;86541
3.55;0.84;0.36;86745
3.42;1.07;0.51;86949
4.09;1.01;0.35;87153
4.46;1.01;0.23;87357
4.61;1.13;0.42;87561
4.70;1.54;0.44;87766
4.86;1.59;0.33;87970
5.02;1.51;0.39;88174
6.71;2.39;0.61;88378
6.62;2.25;0.59;88582
7.01;2.15;0.80;88786
6.82;1.71;0.70;88990
6.82;1.88;0.70;89194
7.22;1.48;1.02;89398
7.75;1.55;1.07;89603
7.75;1.59;0.96;89807
7.66;1.44;1.07;90011
7.45;1.30;1.55;90215
7.24;1.47;1.55;90419
7.16;1.26;1.71;90624
7.57;1.96;1.93;90828
6.96;1.92;1.37;91032
7.16;2.01;1.27;91236
6.76;2.44;1.45;91440
7.27;2.44;1.30;91644
6.87;2.15;1.60;91848
6.68;2.21;1.80;92052
6.49;2.30;1.64;92256
6.12;2.89;1.12;92461
5.42;2.78;1.18;92665
5.51;2.96;1.18;92869
5.69;2.96;1.31;93073
5.51;2.69;1.65;93277
4.70;2.80;1.57;93481
4.64;2.75;1.65;93685
4.34;2.39;1.61;93889
3.91;2.10;1.39;94093
3.51;1.92;1.43;94297
3.51;1.88;1.29;94501
3.64;1.64;0.98;94705
3.78;1.68;0.84;94909
3.91;1.76;0.95;95113
3.83;1.81;1.10;95318
3.57;1.49;0.72;95522
3.83;1.35;0.66;95726
3.51;1.57;0.80;95930
3.70;1.73;0.94;96134
3.26;1.73;0.94;96338
3.51;1.78;1.17;96542
3.57;1.78;1.11;96746
4.34;1.78;0.91;96950
4.05;1.74;0.91;97155
4.19;1.83;1.21;97359
4.05;1.91;1.18;97563
3.91;2.00;1.25;97767
4.05;2.00;1.12;97971
5.18;1.83;1.46;98176
4.70;1.83;1.32;98380
6.30;2.69;1.66;98584
6.87;3.15;1.66;98788
6.30;3.58;2.27;98992
6.68;3.25;2.91;99196
6.99;3.50;2.73;99400
6.22;2.96;2.12;99604
5.86;3.45;1.61;99808
5.96;3.65;1.39;100013
5.79;3.40;1.86;100217
6.22;3.52;2.37;100421
5.44;3.40;2.27;100625
6.15;3.40;2.37;100829
6.63;3.65;2.69;101033
6.55;3.87;2.27;101237
7.34;3.73;2.53;101441
7.05;3.62;2.23;101645
6.10;3.00;2.29;101849
6.10;2.78;2.76;102053
6.10;2.67;1.71;102257
5.57;2.73;1.55;102461
5.92;2.96;1.23;102665
6.10;3.19;1.41;102870
5.23;3.19;1.08;103074
4.30;3.19;1.41;103278
4.30;2.84;2.06;103482
3.88;2.69;1.80;103686
3.11;2.38;1.31;103890
2.35;2.38;0.88;104094
1.97;1.74;0.99;104298
1.97;1.16;0.83;104502
1.83;1.22;0.56;104707
1.75;1.10;0.24;104911
1.17;1.03;0.08;105115
1.07;0.87;0.01;105319
1.01;0.82;0.01;105523
0.92;0.47;0.00;105728
1.26;0.40;nan;105931
1.22;0.38;nan;106134
1.09;0.27;nan;106337
0.92;0.20;nan;106541
0.92;0.19;nan;106744
1.12;0.15;nan;106947
1.00;0.18;nan;107150
1.15;0.22;0.00;107354
1.42;0.26;0.00;107558
1.64;0.29;0.00;107762
1.57;0.35;0.01;107966
1.28;0.39;0.03;108170
1.57;0.46;0.09;108375
1.76;0.42;0.08;108579
2.30;0.61;0.25;108783
2.15;0.66;0.28;108987
2.34;0.75;0.17;109191
2.15;0.87;0.09;109395
2.49;0.87;0.10;109599
3.09;0.92;0.14;109803
3.16;0.95;0.16;110007
3.46;1.12;0.09;110211
3.72;1.06;0.16;110415
4.57;1.09;0.24;110619
4.13;1.28;0.24;110823
3.72;1.49;0.23;111027
5.37;1.81;0.33;111232
4.88;1.93;0.44;111436
5.04;1.85;0.41;111640
5.37;2.12;0.42;111844
5.54;1.93;0.25;112048
6.07;2.06;0.57;112252
5.27;1.88;0.55;112456
5.96;2.19;0.44;112660
5.96;2.25;0.44;112864
5.86;2.81;0.67;113069
5.42;3.28;1.04;113273
5.76;3.41;1.10;113477
4.77;3.28;1.29;113681
4.09;3.09;1.36;113885
4.01;2.86;1.58;114089
3.87;2.54;1.66;114293
3.93;2.33;1.22;114497
4.49;2.54;1.06;114701
4.42;2.86;0.95;114905
5.54;3.14;0.84;115109
5.89;3.26;1.00;115313
6.25;3.33;1.25;115517
6.63;3.33;1.19;115721
5.89;2.54;1.03;115926
5.89;2.80;1.19;116130
5.64;2.91;1.32;116334
5.30;2.96;1.61;116538
5.39;2.73;1.73;116742
4.99;2.62;1.99;116946
4.99;2.73;1.73;117150
4.53;2.73;1.81;117354
4.53;2.84;1.90;117558
4.46;2.58;1.86;117763
3.89;2.48;1.86;117967
3.76;2.48;1.61;118171
3.37;2.37;1.69;118375
3.76;2.18;1.46;118579
4.03;2.28;1.36;118784
4.61;2.69;1.74;118988
4.46;2.69;1.82;119192
4.17;2.80;1.91;119396
4.32;2.58;1.91;119600
4.61;2.80;1.91;119804
4.61;2.69;1.91;120008
4.25;2.80;2.00;120212
4.46;2.58;1.86;120416
4.40;2.48;2.28;120621
3.97;2.54;2.18;120825
3.57;2.23;2.09;121029
3.31;2.14;1.87;121233
3.07;1.87;1.96;121437
3.07;1.79;1.79;121641
2.73;1.51;1.59;121845
2.89;1.37;1.44;122049
3.07;1.30;1.23;122253
3.37;1.17;1.30;122457
3.44;1.30;1.23;122661
3.57;1.30;0.98;122865
3.57;1.44;0.63;123069
3.64;1.47;0.37;123273
3.38;1.44;0.47;123478
3.51;1.37;0.44;123682
3.51;1.51;0.59;123886
3.77;1.83;0.68;124090
3.91;2.01;0.59;124294
4.05;2.01;0.59;124498
3.38;2.14;0.82;124702
3.26;2.14;0.98;124906
3.91;2.23;0.98;125110
3.64;1.96;0.95;125315
2.91;2.05;0.90;125519
2.69;1.79;1.07;125723
2.58;1.79;1.04;125927
2.27;1.62;0.92;126131
1.46;1.07;0.69;126336
1.61;0.95;0.60;126540
2.22;0.84;0.49;126744
2.12;0.74;0.49;126948
2.22;0.74;0.44;127152
2.32;0.61;0.25;127356
2.12;0.65;0.19;127560
1.61;0.65;0.15;127764
1.89;0.61;0.12;127968
1.89;0.70;0.15;128173
1.64;0.70;0.13;128377
1.45;0.57;0.13;128581
1.45;0.45;0.14;128785
1.38;0.42;0.20;128989
1.31;0.28;0.19;129193
1.76;0.51;0.24;129397
1.52;0.37;0.18;129601
1.48;0.31;0.11;129805
1.34;0.32;0.07;130009
1.27;0.30;0.04;130213
1.27;0.22;0.02;130417
1.37;0.27;0.04;130621
1.51;0.14;0.04;130825
1.41;0.09;0.03;131030
1.41;0.13;0.02;131234
1.48;0.15;0.02;131438
1.56;0.17;0.02;131642
1.67;0.20;0.01;131846
1.59;0.22;0.00;132050
1.23;0.24;0.00;132254
0.98;0.18;0.00;132458
0.70;0.22;0.00;132662
0.59;0.22;0.02;132867
0.72;0.20;0.03;133071
0.67;0.20;0.03;133275
0.60;0.24;0.03;133479
0.69;0.24;0.03;133683
0.81;0.22;0.03;133888
1.03;0.22;0.03;134092
1.28;0.22;0.03;134296
1.35;0.24;0.03;134500
1.18;0.27;0.03;134704
0.88;0.28;0.02;134908
1.37;0.30;0.02;135112
0.93;0.30;0.04;135316
0.46;0.30;0.04;135520
0.39;0.24;0.03;135725
0.80;0.17;0.06;135929
0.96;0.25;0.08;136133
0.82;0.16;0.06;136337
0.72;0.06;0.02;136541
0.63;0.07;0.00;136745
0.51;0.03;0.01;136949
0.72;0.02;0.00;137153
0.72;0.02;0.00;137357
0.65;0.02;0.01;137561
0.70;0.02;0.03;137765
0.65;0.03;0.04;137969
0.84;0.02;0.05;138173
0.84;0.05;0.06;138377
0.90;0.03;0.04;138582
0.90;0.06;0.04;138786
1.04;0.08;0.05;138990
1.04;0.10;0.07;139194
1.04;0.10;0.07;139398
1.51;0.21;0.14;139602
1.44;0.28;0.14;139806
1.44;0.29;0.15;140010
1.75;0.35;0.11;140214
1.83;0.44;0.11;140419
1.92;0.52;0.14;140623
2.29;0.56;0.14;140827
2.70;0.60;0.16;141031
3.16;0.64;0.18;141235
3.60;0.70;0.18;141440
3.73;0.85;0.26;141644
3.81;1.04;0.21;141848
3.54;1.04;0.31;142052
3.42;1.30;0.29;142256
2.89;1.37;0.35;142460
2.82;1.41;0.48;142664
3.00;1.52;0.45;142868
2.89;1.52;0.69;143072
2.77;1.31;0.76;143277
2.62;1.38;0.81;143481
2.72;1.35;0.84;143685
2.90;1.42;0.84;143889
2.68;1.42;0.69;144093
2.74;1.32;0.87;144297
3.20;1.12;0.87;144501
2.52;1.43;0.77;144705
2.28;1.43;0.72;144909
1.74;1.33;0.74;145113
1.26;1.33;0.70;145317
1.07;1.07;0.77;145521
0.70;0.74;0.68;145725
0.70;0.49;0.72;145929
0.49;0.42;0.57;146134
0.45;0.28;0.46;146338
0.70;0.30;0.39;146542
0.49;0.22;0.17;146746
0.53;0.25;0.08;146950
0.84;0.27;0.18;147154
1.07;0.29;0.22;147358
1.04;0.29;0.26;147562
1.04;0.24;0.26;147766
0.96;0.26;0.36;147971
0.68;0.22;0.31;148175
0.24;0.19;0.31;148379
0.25;0.22;0.20;148583
0.49;0.24;0.27;148787
0.45;0.24;0.28;148992
0.70;0.26;0.40;149196
0.74;0.26;0.49;149400
0.79;0.21;0.51;149604
1.62;0.36;0.77;149808
1.92;0.28;0.67;150012
2.10;0.46;0.55;150216
2.06;0.42;0.39;150420
1.97;0.61;0.25;150624
2.45;0.61;0.42;150829
2.45;0.64;0.42;151033
2.72;0.64;0.36;151237
2.94;0.68;0.30;151441
3.18;0.64;0.27;151645
2.94;0.60;0.17;151849
2.77;0.44;0.17;152053
2.55;0.41;0.19;152257
2.55;0.38;0.34;152461
2.77;0.38;0.37;152665
2.72;0.35;0.17;152869
2.30;0.29;0.17;153073
2.50;0.33;0.12;153277
2.77;0.33;0.08;153481
2.35;0.37;0.02;153686
2.45;0.34;0.01;153890
2.60;0.26;0.00;154094
2.49;0.26;0.01;154298
3.16;0.39;0.00;154502
2.70;0.42;0.00;154706
2.29;0.33;0.00;154910
2.60;0.25;0.01;155114
2.70;0.23;0.02;155318
2.86;0.30;0.01;155523
2.64;0.30;0.03;155727
3.03;0.30;0.08;155931
2.80;0.36;0.10;156135
2.80;0.39;0.19;156339
2.91;0.55;0.23;156544
3.15;0.63;0.13;156748
2.75;0.68;0.12;156952
2.64;0.57;0.07;157156
2.98;0.65;0.10;157360
3.04;0.70;0.19;157564
2.60;0.79;0.16;157768
2.14;0.82;0.16;157972
2.24;0.77;0.21;158176
2.05;0.82;0.18;158381
2.24;0.59;0.26;158585
2.28;0.47;0.32;158789
2.04;0.55;0.20;158993
1.69;0.68;0.24;159197
1.22;0.63;0.39;159401
1.00;0.68;0.46;159605
1.08;0.59;0.44;159809
1.34;0.45;0.36;160013
1.68;0.49;0.44;160217
1.98;0.42;0.24;160421
2.21;0.40;0.05;160625
2.12;0.32;0.02;160829
2.62;0.35;0.02;161033
2.79;0.58;0.03;161238
3.38;0.60;0.05;161442
3.76;0.54;0.06;161646
3.76;0.36;0.08;161850
3.71;0.58;0.08;162054
3.32;0.41;0.12;162258
3.08;0.60;0.13;162462
3.45;0.71;0.15;162666
3.08;0.56;0.39;162870
2.96;0.64;0.57;163075
2.96;0.58;0.93;163279
3.13;0.66;0.98;163483
3.13;0.71;1.10;163687
3.32;0.81;1.16;163891
3.45;0.91;1.16;164096
2.85;0.91;1.02;164300
2.42;0.97;0.93;164504
2.42;0.83;0.98;164708
2.38;0.83;0.82;164912
2.80;0.88;0.77;165116
2.58;0.88;0.72;165320
3.92;0.78;0.85;165524
4.73;0.83;0.75;165728
4.57;0.73;0.80;165933
4.73;0.73;0.80;166137
4.36;0.60;0.61;166341
4.82;0.44;0.49;166545
4.59;0.60;0.63;166749
4.30;0.29;0.53;166953
4.07;0.30;0.44;167157
2.39;0.27;0.34;167361
2.93;0.20;0.30;167565
3.53;0.12;0.23;167769
4.15;0.15;0.30;167973
4.84;0.19;0.39;168177
4.77;0.17;0.39;168381
5.02;0.19;0.41;168585
5.44;0.39;0.59;168790
5.96;0.42;0.71;168994
6.07;0.30;0.80;169198
6.54;0.41;0.75;169402
6.27;0.44;0.66;169606
6.09;0.41;0.75;169810
5.84;0.48;0.83;170014
5.32;0.52;1.18;170218
6.20;0.78;1.57;170422
5.59;0.78;1.50;170627
5.42;0.75;1.50;170831
4.92;0.99;1.50;171035
4.99;0.94;1.46;171239
6.38;1.11;1.46;171443
6.57;0.97;1.78;171648
6.57;1.08;1.82;171852
6.96;1.49;1.91;172056
6.38;2.03;1.96;172260
6.09;2.08;1.62;172464
5.63;1.91;2.05;172668
6.25;2.08;1.83;172872
6.43;2.22;1.62;173076
6.07;2.22;1.43;173280
5.71;2.50;1.36;173485
5.96;3.12;1.50;173689
5.89;3.37;1.78;173893
5.71;3.62;1.65;174097
5.71;3.70;1.57;174301
6.07;3.91;1.99;174505
6.25;3.85;1.90;174709
6.25;3.85;1.99;174913
5.99;3.53;2.13;175117
6.73;3.53;2.13;175321
6.73;3.93;2.04;175525
6.35;3.87;2.04;175729
6.17;3.48;2.58;175933
6.25;3.35;2.48;176137
6.82;3.11;2.75;176342
7.10;3.06;2.54;176546
7.10;3.60;2.33;176750
6.52;3.53;2.48;176954
5.61;3.28;2.58;177158
5.69;3.40;2.69;177362
4.40;2.70;1.78;177566
4.11;2.53;1.86;177770
4.17;2.97;1.73;177974
4.17;2.86;1.35;178179
4.32;2.81;1.68;178383
4.55;2.64;1.68;178587
4.70;2.53;1.77;178791
4.55;2.43;1.77;178995
4.70;2.43;1.68;179200
5.18;2.43;1.77;179404
5.34;2.33;1.68;179608
4.86;2.43;1.50;179812
4.63;2.33;1.73;180016
4.79;2.43;1.65;180220
5.27;2.29;1.57;180424
6.52;2.92;1.90;180628
6.60;2.81;1.73;180832
6.79;2.39;1.73;181037
7.30;2.44;1.81;181241
6.90;2.49;1.73;181445
6.25;2.15;2.42;181649
6.62;2.34;2.85;181853
6.43;2.06;2.91;182057
7.13;2.15;2.48;182261
6.73;2.25;2.75;182465
6.09;2.06;2.33;182669
5.56;1.80;2.14;182873
5.39;2.01;1.62;183077
4.90;1.51;1.55;183281
5.22;1.63;1.62;183485
5.22;1.71;1.59;183689
4.99;1.76;1.51;183894
4.99;1.71;1.56;184098
4.83;1.76;1.44;184302
5.15;1.84;1.51;184506
5.15;2.11;1.23;184710
4.83;2.30;0.98;184914
4.83;2.56;1.23;185118
4.74;2.16;1.59;185322
4.90;2.36;1.92;185526
5.32;1.98;1.51;185731
5.39;2.13;1.10;185935
5.84;2.07;1.08;186139
5.84;2.26;1.48;186343
5.94;2.56;1.41;186547
6.12;2.73;1.63;186752
5.94;2.84;1.63;186956
5.76;2.80;1.48;187160
5.69;2.75;1.63;187364
4.40;2.54;1.84;187568
4.70;2.70;1.81;187772
4.11;2.10;0.71;187976
4.25;1.80;0.58;188180
4.40;1.97;0.50;188384
4.64;2.12;0.76;188589
4.40;2.21;0.86;188793
4.40;2.08;0.91;188997
4.25;2.27;0.89;189201
4.55;2.27;0.78;189405
4.70;2.27;0.81;189609
4.49;2.36;0.72;189813
4.40;2.42;1.09;190017
4.49;2.42;1.09;190221
4.49;2.42;1.03;190425
4.64;2.63;1.03;190629
4.64;2.48;1.22;190833
5.27;3.27;1.82;191037
5.27;3.27;1.87;191241
5.27;3.03;2.05;191446
5.11;2.80;1.78;191650
5.44;2.48;1.19;191854
5.11;2.53;1.40;192058
5.27;2.59;1.47;192262
5.27;2.85;1.54;192466
4.95;2.74;1.54;192670
4.64;2.85;1.70;192874
4.70;2.96;1.50;193078
4.86;2.96;1.78;193283
4.70;2.80;1.58;193487
4.32;2.69;1.25;193691
4.92;2.74;1.61;193895
5.42;2.57;1.61;194099
5.42;2.57;1.53;194304
5.69;2.79;1.35;194508
5.59;2.79;1.52;194712
5.51;3.01;1.45;194916
5.76;3.01;1.42;195120
5.59;2.90;1.42;195324
5.59;2.85;1.28;195528
5.76;2.74;1.28;195732
5.94;2.85;1.49;195936
6.12;2.74;1.57;196141
5.76;2.63;1.08;196345
5.25;2.96;1.46;196549
5.18;2.74;1.39;196753
4.77;2.85;1.53;196957
5.42;2.85;1.77;197161
5.18;2.85;1.77;197365
5.76;2.85;1.82;197569
5.76;2.92;1.99;197773
5.42;2.85;1.91;197977
4.53;2.17;1.61;198181
4.44;2.36;1.43;198385
4.74;2.17;1.39;198589
4.59;2.57;1.32;198793
4.29;2.45;1.32;198998
4.21;2.55;1.73;199202
4.21;2.15;1.28;199406
4.21;2.25;1.35;199610
4.36;2.19;1.31;199814
4.21;2.29;1.41;200018
4.07;2.29;1.56;200222
3.85;2.19;1.44;200426
3.33;2.10;1.44;200630
3.09;2.19;1.30;200835
3.09;2.10;1.23;201039
3.85;2.64;2.01;201243
3.59;2.54;1.71;201447
3.51;2.23;1.59;201651
3.26;2.23;1.59;201856
3.26;2.14;1.51;202060
3.31;1.96;1.33;202264
3.31;1.74;1.55;202468
3.07;1.91;1.43;202672
3.31;1.74;1.43;202876
4.03;1.58;1.36;203080
3.49;1.50;1.22;203284
4.46;1.43;1.25;203488
4.03;1.36;1.25;203693
4.03;1.25;1.46;203897
3.83;1.53;1.12;204101
4.25;1.81;1.09;204305
4.55;1.98;0.97;204509
4.79;2.03;1.05;204713
4.63;2.13;1.00;204917
4.63;2.28;1.05;205121
4.57;2.18;1.18;205325
4.88;2.28;1.42;205529
4.81;2.33;1.65;205733
4.97;2.43;1.69;205937
5.30;2.33;1.69;206141
5.30;2.75;1.69;206345
5.63;2.93;1.74;206550
5.39;2.93;1.74;206754
5.06;3.28;2.00;206958
5.30;3.04;2.00;207162
5.22;3.04;2.14;207366
5.54;2.99;2.01;207570
6.25;3.16;2.19;207774
6.62;2.99;2.29;207978
7.13;1.83;2.45;208182
7.33;2.10;2.35;208387
7.04;1.70;1.97;208591
6.65;1.70;1.63;208795
6.85;1.33;1.27;208999
7.16;1.96;1.88;209203
6.57;2.33;2.40;209408
6.20;1.96;2.83;209612
6.68;1.83;2.67;209816
6.49;1.83;2.62;210020
6.04;1.92;2.84;210224
6.41;1.64;2.69;210428
5.69;1.80;2.47;210632
5.61;1.97;1.91;210836
5.27;2.06;1.74;211040
5.61;2.15;1.50;211245
5.54;2.21;1.09;211449
6.25;3.06;1.82;211653
6.25;2.90;1.82;211857
6.36;3.01;1.66;212061
5.47;2.68;1.99;212265
5.47;2.57;1.96;212469
5.14;2.23;1.62;212673
4.66;1.95;1.47;212877
4.82;1.86;1.16;213081
4.36;1.95;1.10;213285
3.93;1.83;1.04;213489
4.36;2.09;0.87;213693
4.51;1.83;0.98;213897
4.07;1.91;0.77;214102
4.07;1.83;0.77;214306
3.80;1.74;0.93;214510
3.28;1.74;0.93;214714
3.16;1.40;0.87;214918
3.04;1.26;0.72;215122
3.21;1.33;0.77;215326
3.21;1.20;0.68;215530
2.86;1.20;0.66;215734
2.75;1.20;0.72;215939
3.21;1.07;0.57;216143
3.33;1.26;0.66;216347
3.09;1.23;0.85;216551
2.86;1.23;0.66;216755
2.86;1.10;0.70;216960
2.58;1.16;0.63;217164
2.80;1.16;0.63;217368
3.39;1.06;0.47;217572
3.14;1.06;0.53;217776
2.84;1.00;0.45;217980
3.76;1.00;0.42;218184
3.55;1.00;0.39;218388
3.42;0.56;0.30;218592
2.44;0.31;0.17;218797
2.49;0.41;0.05;219001
2.14;0.38;0.01;219205
2.14;0.28;0.01;219409
1.70;0.17;0.00;219613
1.36;0.24;0.00;219817
1.46;0.33;0.01;220021
1.46;0.39;0.03;220225
2.12;0.26;0.06;220429
1.86;0.17;0.05;220633
1.32;0.05;0.12;220837
1.25;0.06;0.19;221041
1.25;0.02;0.23;221245
1.39;0.00;0.28;221449
1.39;0.04;0.29;221654
1.86;0.08;0.52;221858
2.07;0.11;0.58;222062
2.07;0.16;0.54;222266
1.89;0.17;0.36;222470
1.89;0.11;0.28;222674
2.07;0.14;0.19;222878
0.99;0.19;0.25;223082
0.80;0.08;0.10;223286
0.80;0.01;0.01;223491
0.80;0.01;0.01;223695
1.48;0.02;0.00;223899
2.25;0.02;0.00;224103
2.06;0.02;0.01;224307
0.77;0.01;0.03;224512
0.95;0.01;0.04;224716
1.44;0.03;0.04;224920
1.96;0.05;0.06;225124
2.54;0.08;0.09;225328
3.41;0.13;0.12;225532
3.53;0.20;0.25;225736
3.87;0.27;0.36;225940
3.87;0.36;0.35;226144
3.61;0.49;0.20;226349
4.09;0.61;0.27;226553
4.53;0.70;0.12;226757
5.09;1.19;0.07;226961
5.59;1.59;0.20;227165
5.86;1.75;0.41;227369
5.86;2.29;0.46;227573
6.14;2.55;0.53;227777
7.51;2.65;0.61;227981
7.63;3.17;0.75;228185
7.63;3.62;0.96;228389
7.96;4.32;1.41;228593
7.66;4.55;1.80;228797
6.65;3.64;1.76;229001
6.01;3.91;2.02;229206
5.66;3.59;2.17;229410
5.32;3.33;2.32;229614
6.20;3.09;2.32;229818
5.84;3.41;2.32;230022
6.12;3.53;2.18;230226
5.42;3.53;2.18;230430
4.83;3.35;2.58;230634
6.30;3.48;2.37;230838
6.12;3.30;2.47;231043
7.48;3.55;2.18;231247
7.19;3.76;2.14;231451
6.90;4.18;2.43;231655
7.02;4.12;2.43;231859
8.50;4.80;3.40;232064
9.57;4.90;3.60;232268
9.47;5.06;2.55;232472
10.20;4.99;3.48;232676
10.35;4.46;3.55;232880
10.61;4.17;2.67;233084
11.02;4.77;3.01;233288
10.39;4.86;2.78;233492
10.65;4.86;3.19;233696
9.41;4.64;3.07;233901
8.48;3.65;2.96;234105
8.71;4.05;2.69;234309
8.61;4.28;2.28;234513
7.41;3.78;2.37;234717
8.26;3.72;2.54;234921
9.41;3.78;2.69;235125
9.31;3.27;2.64;235329
8.48;2.09;2.43;235533
8.94;1.77;2.86;235737
9.65;2.13;3.21;235941
10.91;2.22;3.59;236145
11.72;2.42;3.59;236349
11.72;3.49;5.64;236553
10.65;3.00;6.10;236758
10.65;3.12;5.57;236962
9.89;3.55;5.74;237166
11.07;3.49;5.67;237370
12.00;3.17;5.16;237574
12.44;3.05;5.43;237778
11.88;2.94;5.60;237982
11.07;3.42;5.67;238186
12.16;3.29;4.93;238390
11.88;3.95;5.50;238595
11.07;3.95;4.84;238799
10.29;4.68;4.24;239003
8.17;3.55;3.74;239207
7.95;3.55;2.88;239411
7.61;3.68;2.81;239616
6.42;3.68;2.81;239820
6.42;3.17;2.70;240024
8.26;2.78;2.93;240228
8.48;3.62;2.81;240432
7.82;3.89;3.66;240636
8.48;3.12;3.16;240840
7.41;3.29;2.60;241044
6.92;3.17;2.29;241248
5.87;3.12;1.75;241453
5.36;2.56;2.01;241657
5.53;2.56;2.10;241861
5.36;2.16;1.92;242065
6.05;2.71;1.51;242269
5.70;2.50;1.37;242473
5.03;2.11;1.13;242677
4.78;2.05;0.72;242881
5.50;2.05;1.03;243085
4.10;2.09;0.89;243289
5.23;1.91;0.89;243493
6.28;1.58;0.91;243697
7.67;1.58;1.08;243901
8.90;1.62;1.28;244105
9.61;2.23;1.68;244310
9.27;2.59;1.72;244514
9.03;2.80;2.46;244718
8.57;2.87;1.98;244922
7.49;2.44;2.16;245126
7.08;2.24;2.13;245330
6.89;1.79;2.03;245534
7.91;1.96;1.69;245738
7.61;2.15;1.46;245942
7.82;2.54;1.32;246147
7.00;2.87;1.94;246351
6.42;2.71;1.98;246555
6.61;2.50;1.72;246759
6.80;2.40;1.57;246963
8.04;2.40;1.49;247168
7.61;2.40;1.32;247372
6.80;2.94;1.39;247576
6.61;3.05;1.69;247780
6.24;3.12;1.77;247984
7.20;3.12;1.94;248188
7.12;3.37;1.91;248392
6.16;3.62;2.37;248596
6.61;3.44;2.37;248800
6.42;3.19;2.48;249005
6.13;3.07;2.54;249209
6.89;2.52;2.54;249413
6.31;2.16;1.66;249617
6.50;2.46;1.47;249821
6.05;2.67;1.03;250025
6.42;2.78;1.29;250229
6.42;2.96;1.22;250433
6.16;3.07;1.66;250637
5.80;2.73;1.91;250841
5.80;2.69;1.82;251045
5.80;2.38;1.43;251249
5.38;2.58;1.82;251453
5.63;2.44;1.99;251657
5.98;2.64;1.82;251862
5.80;2.86;2.18;252066
5.63;2.86;1.99;252270
5.80;2.80;1.96;252474
7.53;3.86;2.33;252678
7.53;4.00;2.86;252882
7.12;4.14;2.97;253086
7.12;4.08;2.75;253290
6.92;3.94;2.93;253494
7.32;3.80;2.75;253699
6.92;3.80;2.23;253903
6.34;3.54;1.96;254107
5.98;3.72;2.05;254311
6.34;3.46;2.33;254515
6.16;3.86;2.43;254720
5.63;3.72;2.33;254924
5.12;3.59;2.64;255128
5.19;3.17;2.54;255332
4.78;3.17;2.49;255536
6.02;3.05;2.29;255740
6.20;2.54;1.67;255944
6.20;2.75;1.70;256148
6.50;2.80;1.33;256352
6.31;3.27;1.55;256557
5.77;3.39;1.82;256761
6.13;3.27;1.82;256965
5.95;3.39;1.91;257169
6.13;3.46;1.86;257373
5.60;2.98;2.22;257577
5.26;3.22;2.32;257781
5.26;3.10;2.42;257985
4.93;2.98;2.03;258189
4.78;2.75;2.22;258393
4.93;2.64;2.13;258597
4.93;2.54;2.03;258801
4.93;2.44;1.99;259005
4.62;2.14;1.99;259209
4.53;1.87;1.99;259414
4.38;1.96;1.82;259618
3.63;1.55;1.29;259822
4.10;1.47;1.16;260026
4.10;1.47;1.29;260230
4.24;1.55;1.22;260434
4.10;1.43;1.16;260638
3.96;1.43;1.03;260842
4.01;1.43;0.79;261046
3.93;1.50;0.84;261251
3.33;1.46;1.06;261455
2.96;1.18;1.35;261659
3.12;1.08;1.06;261863
3.06;0.93;0.86;262067
3.30;0.90;0.83;262272
3.81;0.72;0.85;262476
4.38;0.56;1.14;262680
5.66;1.19;1.71;262884
6.01;1.12;1.71;263088
6.87;0.97;1.71;263292
7.07;1.09;1.88;263496
7.19;1.24;1.97;263700
6.99;0.99;2.06;263904
7.10;1.14;2.06;264109
6.90;1.34;1.97;264313
7.02;1.45;1.67;264517
6.63;1.41;1.51;264721
6.63;1.68;1.44;264925
6.25;1.60;1.44;265129
6.17;1.60;1.83;265333
7.14;1.93;1.97;265537
7.75;1.81;1.55;265741
7.97;2.27;1.34;265945
7.67;2.23;1.55;266149
7.88;2.13;1.30;266353
7.46;2.42;1.08;266557
7.05;2.23;1.34;266761
6.66;2.48;1.41;266966
6.28;2.23;1.55;267170
6.28;2.53;1.63;267374
5.30;2.42;1.02;267578
5.30;2.04;0.85;267782
5.14;2.13;1.02;267986
5.14;2.09;1.14;268190
5.30;2.09;1.02;268394
4.82;2.19;1.20;268598
4.66;2.19;1.02;268803
4.36;2.09;1.23;269007
4.22;2.00;0.82;269211
4.51;2.00;1.04;269415
4.42;1.83;0.93;269619
4.42;1.83;0.87;269824
3.85;1.66;0.82;270028
3.33;1.23;0.51;270232
3.59;1.19;0.63;270436
3.33;1.00;0.65;270640
2.43;0.95;0.53;270844
1.99;1.06;0.57;271048
2.18;0.89;0.57;271252
2.09;0.84;0.40;271456
1.99;0.79;0.31;271661
2.03;0.95;0.28;271865
2.03;0.95;0.22;272069
1.89;0.89;0.05;272273
2.61;0.92;0.24;272477
3.17;1.12;0.35;272681
3.55;1.25;0.29;272885
3.55;1.39;0.38;273089
4.09;2.04;0.69;273293
3.74;1.95;0.56;273497
4.07;1.86;0.58;273701
4.07;2.04;0.64;273905
3.46;1.95;0.76;274109
3.59;1.86;0.71;274313
4.57;1.65;1.02;274518
5.37;1.31;1.02;274722
5.30;1.38;0.66;274926
4.66;1.38;0.86;275130
4.97;1.24;0.91;275334
4.90;1.18;1.24;275538
4.44;1.24;1.57;275742
4.74;1.24;1.61;275946
4.74;0.94;1.74;276150
4.15;0.85;1.91;276355
4.44;0.91;2.05;276559
4.74;1.10;2.05;276763
5.22;1.17;1.96;276967
5.39;1.10;1.78;277171
5.84;1.30;1.40;277376
5.49;1.59;0.97;277580
4.90;1.83;1.22;277784
5.32;2.01;1.29;277988
5.22;1.83;1.29;278192
4.29;1.44;0.92;278396
4.50;1.13;0.84;278600
3.79;1.07;0.94;278804
3.93;1.43;1.09;279008
4.50;1.47;1.74;279213
4.36;1.62;1.74;279417
5.13;1.55;1.87;279621
5.13;1.59;1.50;279825
5.06;1.92;1.43;280029
5.06;1.64;1.09;280233
4.09;1.14;0.90;280437
3.95;1.08;0.90;280641
4.09;1.41;0.61;280845
4.17;1.48;0.42;281049
4.03;1.31;0.70;281253
4.17;1.38;0.65;281457
4.61;1.31;0.61;281661
4.86;1.53;0.61;281865
5.18;1.53;0.61;282070
5.27;1.76;0.61;282274
5.27;1.93;0.70;282478
4.73;2.17;0.90;282682
4.13;2.27;1.07;282886
4.05;2.23;1.19;283090
3.85;2.13;1.13;283294
5.04;2.74;1.51;283498
5.20;2.59;1.75;283702
5.37;2.59;1.71;283907
5.82;2.69;1.71;284111
5.82;2.69;1.80;284315
6.17;2.76;1.71;284519
6.74;3.03;1.97;284723
6.47;3.40;2.30;284928
6.66;3.60;2.21;285132
6.20;3.47;2.21;285336
6.77;3.81;2.61;285540
6.20;3.81;2.46;285744
6.02;3.37;2.46;285948
6.20;3.49;2.62;286152
5.50;4.03;2.42;286356
5.33;3.70;2.69;286560
4.84;3.44;2.80;286765