S1;S2;S3;Millis
2.28;0.67;0.04;204
2.80;0.76;0.08;408
2.92;0.86;0.15;612
2.80;0.91;0.28;816
2.63;1.15;0.42;1020
2.42;1.15;0.45;1224
3.32;1.65;0.90;1428
2.85;1.35;0.84;1632
2.79;1.31;0.61;1837
2.68;1.18;0.45;2041
2.36;1.18;0.57;2245
2.61;1.24;0.53;2449
3.06;1.41;0.45;2653
2.95;1.56;0.72;2857
3.11;1.72;0.74;3061
4.91;1.41;0.95;3265
5.74;1.67;1.01;3469
5.74;2.19;1.36;3673
5.47;2.19;1.58;3877
6.74;2.05;1.58;4081
7.46;2.54;1.74;4285
6.85;3.09;1.91;4489
7.05;3.33;1.58;4694
5.92;3.41;1.91;4898
5.74;3.28;1.99;5102
5.57;3.16;1.99;5306
5.74;3.16;1.58;5510
5.74;3.21;2.09;5714
6.66;3.59;2.03;5918
6.28;3.72;1.94;6122
6.10;3.59;2.22;6326
5.47;3.59;2.73;6531
6.17;3.33;2.73;6735
6.94;2.97;2.73;6939
7.34;2.97;2.42;7143
7.46;3.46;2.32;7347
7.46;3.59;2.22;7552
8.54;3.59;2.22;7756
8.22;3.33;2.42;7960
8.22;3.33;2.22;8164
8.00;3.46;2.16;8368
7.79;3.59;2.07;8572
8.67;3.85;1.28;8776
6.02;2.54;1.21;8980
5.67;2.43;1.28;9184
4.91;1.74;1.28;9389
4.07;1.66;1.02;9593
4.28;1.86;1.15;9797
4.88;1.86;0.93;10001
4.88;2.13;0.99;10205
4.73;2.28;1.05;10409
4.42;2.48;1.17;10613
4.73;2.48;1.31;10817
5.11;2.33;1.11;11021
5.04;2.33;1.38;11225
5.37;2.43;1.31;11429
5.89;2.43;1.45;11633
5.64;2.43;1.21;11837
6.94;3.33;1.72;12041
7.14;3.09;1.49;12246
7.25;2.29;1.35;12450
7.25;2.43;1.05;12654
7.37;2.33;1.42;12858
7.37;2.33;1.08;13062
7.17;2.75;1.11;13266
7.37;2.64;1.17;13470
7.37;2.75;1.17;13674
6.58;2.14;0.80;13878
6.39;2.14;1.08;14083
6.39;1.87;1.14;14287
6.47;1.62;1.14;14491
6.10;1.74;1.02;14695
5.64;1.91;1.08;14899
5.20;1.82;1.14;15104
5.20;1.69;0.66;15308
4.88;1.77;0.57;15512
4.49;1.64;0.55;15716
4.25;1.72;0.82;15920
4.46;1.76;0.93;16124
4.46;1.76;0.61;16328
3.95;1.84;0.70;16532
4.68;1.55;1.03;16736
5.66;1.67;1.03;16941
5.66;1.83;0.97;17145
5.91;1.92;1.03;17349
7.16;2.10;0.92;17553
7.57;2.64;0.81;17757
7.36;2.97;1.22;17961
8.12;2.91;1.12;18165
8.34;3.14;1.25;18369
8.24;3.14;1.25;18573
8.46;3.59;1.46;18777
9.15;3.99;1.89;18981
9.29;4.13;2.32;19185
7.10;3.28;1.32;19389
6.82;3.53;1.57;19593
6.63;3.74;1.69;19798
6.17;3.48;1.86;20002
5.47;3.55;1.99;20206
5.14;3.12;2.27;20410
5.30;3.12;2.14;20614
5.30;2.78;2.05;20818
5.14;2.84;1.75;21022
4.66;2.73;1.51;21226
4.36;2.62;1.51;21430
4.22;2.37;1.41;21635
4.36;2.37;1.48;21839
5.92;2.28;1.31;22043
5.74;2.09;1.11;22247
6.66;3.02;1.52;22451
5.50;2.80;1.45;22656
4.10;2.37;1.31;22860
4.10;2.28;1.17;23064
4.16;1.99;1.05;23268
4.38;2.05;0.73;23472
5.00;1.96;0.52;23676
4.84;1.87;0.48;23880
4.10;1.96;0.38;24084
3.88;2.14;0.60;24288
3.23;2.23;0.78;24493
3.80;2.14;0.83;24697
4.22;1.79;0.68;24901
4.07;2.14;0.73;25105
4.36;1.96;0.88;25309
4.36;1.96;0.83;25513
4.22;1.96;0.80;25717
3.80;2.23;0.90;25921
3.80;2.33;0.90;26125
3.28;2.23;0.93;26329
3.04;2.05;1.05;26533
2.81;1.79;1.11;26737
3.16;1.79;0.88;26941
3.80;1.70;0.52;27145
2.99;1.55;0.38;27350
3.35;1.62;0.30;27554
3.11;1.67;0.42;27758
2.81;1.75;0.49;27962
3.41;1.59;0.36;28166
3.23;1.67;0.30;28370
2.99;1.59;0.33;28574
3.35;1.83;0.56;28778
3.48;1.97;0.73;28982
3.61;2.25;0.88;29187
2.93;2.45;1.08;29391
3.66;2.25;1.28;29595
3.80;2.15;1.35;29799
2.93;1.34;0.76;30003
3.09;1.48;0.76;30208
2.54;1.64;0.81;30412
2.64;1.64;0.86;30616
3.72;1.88;0.86;30820
3.28;1.88;1.00;31024
3.16;1.80;1.08;31228
3.46;1.72;0.94;31432
3.72;1.48;0.64;31636
3.02;1.34;0.74;31840
3.19;0.96;0.79;32045
3.70;0.98;0.62;32249
3.97;0.68;0.50;32453
3.57;0.74;0.71;32657
2.32;0.74;0.97;32861
3.97;1.36;1.69;33065
5.35;1.66;1.46;33269
6.33;1.74;0.86;33473
7.02;2.09;0.54;33677
6.82;2.09;0.68;33881
4.88;2.43;0.93;34085
5.99;2.43;1.05;34289
6.55;2.05;1.38;34493
7.54;1.96;1.24;34697
7.46;2.14;0.97;34902
7.25;3.09;1.21;35106
6.39;3.46;1.15;35310
6.97;3.93;1.28;35514
6.10;4.07;1.64;35718
5.57;3.88;1.64;35922
6.66;3.74;1.89;36126
6.66;3.11;2.03;36330
7.25;2.77;2.42;36534
7.88;2.49;2.42;36739
7.67;2.81;2.22;36943
7.46;2.81;1.89;37147
7.25;2.93;1.86;37351
8.09;2.93;1.57;37555
7.97;3.28;1.35;37760
7.54;3.93;1.57;37964
7.34;3.72;1.60;38168
7.02;3.85;1.38;38372
7.02;3.39;1.76;38576
6.63;3.91;1.93;38780
6.25;3.64;2.25;38984
6.07;3.64;2.25;39188
6.15;3.44;2.34;39392
6.15;3.19;2.25;39597
5.79;2.96;2.44;39801
5.79;2.32;2.15;40005
5.27;1.81;1.83;40209
4.05;1.81;1.59;40413
2.58;0.78;0.84;40617
3.91;0.68;0.74;40821
4.05;0.66;0.74;41025
5.11;0.68;0.74;41229
5.04;0.68;0.79;41433
5.37;0.77;0.84;41637
5.04;0.93;0.77;41841
4.88;1.37;0.61;42045
4.13;1.63;0.61;42249
4.05;1.55;0.70;42454
4.05;1.63;0.79;42658
3.91;1.63;1.01;42862
3.02;1.71;1.07;43066
2.28;1.92;0.87;43270
1.25;2.06;0.98;43474
1.86;2.83;1.96;43678
2.42;2.61;2.10;43882
2.84;2.11;1.51;44086
3.44;2.11;1.59;44291
3.39;1.76;1.37;44495
3.51;1.52;1.23;44699
4.05;1.84;1.07;44903
4.05;2.02;0.95;45107
4.34;1.84;0.84;45312
3.51;1.81;0.70;45516
2.91;1.72;0.65;45720
2.48;1.64;0.57;45924
2.69;1.42;0.61;46128
3.02;1.15;0.39;46332
3.02;0.81;0.39;46536
2.80;0.64;0.37;46740
2.69;0.60;0.17;46944
3.64;0.64;0.14;47149
3.39;0.78;0.09;47353
3.02;0.78;0.03;47557
2.69;0.83;0.03;47761
2.58;0.88;0.01;47965
2.28;0.78;0.00;48169
2.37;0.73;nan;48372
2.80;0.41;nan;48575
2.91;0.57;nan;48778
2.80;0.70;nan;48982
2.48;0.90;0.00;49186
2.28;0.99;nan;49389
2.52;0.99;nan;49592
2.32;0.88;0.03;49796
2.36;0.83;0.13;50000
2.94;0.88;0.20;50204
3.68;0.99;0.20;50408
5.06;0.99;0.26;50612
5.91;1.17;0.37;50817
5.73;1.11;0.17;51021
5.22;1.48;0.24;51225
5.13;1.80;0.41;51429
5.04;2.06;0.68;51633
5.61;1.83;1.10;51837
5.78;1.87;1.10;52041
5.78;2.23;0.82;52245
5.86;2.33;0.90;52449
6.12;2.79;1.26;52654
7.81;2.79;1.26;52858
8.15;3.19;1.47;53062
8.95;3.49;1.91;53266
9.08;3.89;2.28;53470
9.08;4.25;2.48;53675
8.30;4.48;2.98;53879
11.23;6.43;4.66;54083
11.94;6.54;4.90;54287
11.01;6.35;4.99;54491
11.54;6.65;4.93;54695
11.98;6.57;4.55;54899
11.98;6.96;5.61;55103
12.14;7.07;5.78;55307
12.59;7.19;5.71;55512
11.36;7.19;5.63;55716
11.36;7.10;5.73;55920
11.51;6.90;6.09;56124
10.72;7.02;5.84;56328
10.61;6.94;6.12;56532
9.61;6.55;5.94;56736
9.37;6.28;5.69;56940
8.90;6.47;5.27;57144
9.03;6.20;5.11;57348
8.57;6.02;5.04;57552
8.35;5.50;5.20;57756
7.70;5.50;4.88;57960
8.80;5.43;4.82;58164
8.35;5.09;4.51;58369
8.80;5.09;4.51;58573
8.26;5.09;4.51;58777
7.00;5.26;4.36;58981
7.20;4.62;4.16;59185
6.80;4.26;4.45;59389
6.80;4.47;4.16;59593
7.00;4.56;4.16;59797
7.20;4.56;3.82;60001
7.41;4.56;4.10;60206
7.20;4.56;4.10;60410
7.08;4.32;4.24;60614
7.49;4.78;4.24;60818
7.79;4.47;3.61;61022
6.97;3.90;3.61;61227
6.28;4.18;3.48;61431
5.37;2.95;2.35;61635
5.54;3.18;2.39;61839
7.75;3.11;1.92;62043
8.41;3.41;2.05;62247
8.31;4.07;2.37;62451
7.25;4.51;2.69;62655
6.85;3.88;2.80;62859
7.67;3.74;2.48;63064
8.44;3.74;2.09;63268
8.67;3.48;2.64;63472
9.75;4.30;2.75;63676
8.35;4.53;2.33;63880
9.03;3.82;2.33;64084
9.75;3.55;2.54;64288
8.80;4.38;2.97;64492
10.91;5.33;4.22;64696
10.39;5.67;4.07;64900
11.45;5.77;3.46;65104
11.33;5.77;3.72;65308
11.07;5.53;4.36;65512
10.70;5.87;3.93;65716
10.44;5.70;3.61;65921
10.44;5.63;2.99;66125
9.94;5.63;3.23;66329
9.11;5.63;3.16;66533
9.11;5.06;3.35;66737
8.88;5.06;3.61;66941
8.56;5.15;3.61;67145
7.90;4.99;3.18;67349
7.36;4.99;3.30;67553
7.56;4.23;3.30;67758
7.99;3.81;3.30;67962
7.36;3.17;2.83;68166
6.38;2.82;2.72;68370
6.38;2.65;2.12;68574
6.45;2.92;2.27;68779
7.44;2.69;2.57;68983
7.53;2.92;2.41;69187
8.61;3.65;2.41;69391
10.29;3.71;2.41;69595
10.54;5.19;2.51;69799
9.94;5.03;3.30;70003
9.21;5.36;3.18;70207
9.21;4.35;3.23;70411
9.69;4.20;2.35;70616
8.98;4.06;3.23;70820
9.94;4.12;3.23;71024
10.85;3.03;3.48;71228
11.65;3.20;3.96;71432
12.38;3.79;5.00;71636
11.98;3.27;5.19;71840
8.92;2.59;3.98;72044
9.53;2.28;4.06;72248
9.78;2.24;3.73;72452
10.02;2.05;3.87;72656
8.96;1.79;3.68;72860
7.85;2.54;2.94;73064
6.44;1.88;2.11;73268
7.23;1.88;2.50;73473
7.43;1.71;2.40;73677
6.26;1.63;2.82;73881
5.55;1.71;2.56;74085
4.00;1.55;2.56;74289
2.38;1.40;2.67;74493
1.74;1.16;2.67;74697
2.58;1.36;2.46;74901
4.40;1.58;3.12;75105
4.70;1.51;2.67;75310
3.97;1.43;2.78;75514
4.34;1.36;2.63;75718
4.79;1.43;2.32;75922
4.64;1.51;2.32;76126
4.05;1.43;1.94;76331
3.52;1.23;1.36;76535
3.65;0.98;1.18;76739
3.65;0.92;1.18;76943
3.78;0.92;1.22;77147
3.52;0.92;1.29;77351
3.78;0.79;1.36;77555
4.05;0.77;1.43;77759
4.20;0.69;1.22;77963
4.64;0.56;1.10;78168
4.34;0.69;0.98;78372
3.78;0.82;0.98;78576
3.65;1.12;0.98;78780
3.52;1.19;1.01;78984
4.05;1.16;1.13;79188
4.34;1.16;1.20;79392
4.25;1.36;1.07;79596
3.83;1.58;1.13;79800
3.57;1.66;0.95;80004
3.32;1.66;0.85;80208
3.75;1.63;0.87;80412
3.37;1.40;1.16;80616
3.00;1.33;1.10;80820
2.78;1.29;0.98;81025
2.26;1.29;0.87;81229
2.61;1.16;0.87;81433
2.94;1.04;0.69;81637
2.71;0.92;0.52;81841
2.54;0.87;0.48;82045
2.24;0.87;0.35;82249
1.91;0.87;0.36;82453
0.82;0.51;0.19;82657
0.60;0.38;0.18;82862
0.45;0.30;0.14;83066
0.58;0.25;0.06;83270
0.56;0.19;0.03;83474
0.60;0.12;0.00;83678
0.72;0.05;0.01;83883
0.98;0.14;0.00;84087
1.19;0.07;0.01;84291
1.33;0.07;0.02;84495
1.40;0.03;0.02;84699
1.33;0.11;0.00;84903
1.29;0.16;0.00;85107
1.16;0.20;0.03;85311
1.09;0.18;0.02;85515
1.43;0.39;0.11;85720
1.16;0.39;0.18;85924
1.06;0.36;0.24;86128
1.18;0.26;0.21;86332
1.32;0.17;0.21;86536
1.06;0.07;0.22;86740
0.94;0.07;0.19;86944
0.94;0.09;0.19;87148
1.00;0.07;0.19;87352
1.00;0.08;0.19;87556
1.12;0.10;0.16;87760
1.32;0.11;0.12;87964
1.35;0.08;0.06;88168
1.35;0.08;0.06;88372
1.49;0.09;0.06;88577
1.72;0.06;0.06;88781
2.11;0.05;0.06;88985
2.44;0.06;0.06;89189
2.19;0.08;0.05;89393
1.96;0.05;0.06;89597
1.91;0.06;0.06;89801
2.03;0.07;0.05;90005
1.77;0.09;0.06;90209
2.52;0.12;0.09;90414
2.73;0.21;0.11;90618
3.49;0.27;0.11;90822
3.76;0.48;0.11;91026
3.62;0.69;0.21;91230
3.49;0.76;0.30;91435
3.49;1.08;0.27;91639
3.18;1.21;0.25;91843
3.30;1.35;0.64;92047
3.23;1.28;0.73;92251
3.53;1.57;0.68;92455
3.72;1.52;0.80;92659
5.14;1.76;1.08;92863
5.47;1.31;1.14;93067
4.30;1.20;0.68;93272
4.15;1.63;0.87;93476
4.23;1.80;0.95;93680
3.81;1.76;0.76;93884
3.76;1.76;0.67;94088
3.70;1.64;0.76;94292
3.83;1.49;0.69;94496
4.11;1.35;0.48;94700
3.91;1.28;0.38;94904
3.91;1.39;0.16;95108
3.91;1.39;0.22;95312
4.48;1.32;0.29;95516
5.78;1.16;0.24;95720
5.89;1.25;0.22;95924
5.89;1.32;0.35;96129
7.54;1.69;0.84;96333
7.66;1.53;0.89;96537
8.98;1.69;1.08;96741
8.98;1.57;0.71;96945
8.89;1.94;1.11;97149
9.73;2.12;0.97;97353
9.98;3.07;1.02;97557
10.90;3.77;1.35;97761
10.02;4.13;1.42;97966
10.78;4.36;1.81;98170
10.94;4.81;2.42;98374
10.57;5.32;2.52;98578
10.57;5.25;2.96;98782
9.23;5.25;2.58;98987
10.20;4.55;2.75;99191
10.72;4.49;3.21;99395
9.95;4.64;3.16;99599
11.40;4.95;3.87;99803
12.23;4.79;3.87;100007
12.40;5.96;3.35;100211
12.00;6.44;3.81;100415
12.00;6.17;4.61;100619
11.88;6.47;3.97;100824
12.33;6.20;3.19;101028
11.49;5.50;3.91;101232
11.38;5.60;3.78;101436
10.59;5.70;3.59;101640
10.74;5.36;4.42;101844
10.23;4.87;4.28;102048
9.02;4.96;3.16;102252
8.11;4.29;2.81;102456
7.60;4.29;2.99;102660
8.69;3.60;2.55;102864
8.47;3.73;3.23;103068
9.88;3.81;2.83;103272
9.15;4.23;2.72;103476
7.11;3.55;2.17;103681
6.99;3.55;2.57;103885
7.11;3.17;2.79;104089
7.11;3.68;2.74;104293
6.91;3.81;2.63;104497
6.91;3.89;2.96;104701
6.91;4.03;2.53;104905
7.94;4.17;3.08;105109
7.94;4.31;3.03;105313
8.15;4.31;3.15;105518
8.37;4.77;3.40;105722
8.15;5.18;3.47;105926
8.15;5.35;4.44;106130
7.94;5.02;4.14;106334
7.72;4.95;4.14;106539
10.79;6.15;5.48;106743
9.78;5.97;5.32;106947
10.13;6.52;5.15;107151
10.64;6.41;5.48;107355
10.64;6.41;5.48;107559
10.38;6.79;5.55;107763
10.38;6.60;5.55;107967
10.38;6.33;4.96;108171
10.90;6.60;5.12;108376
11.43;6.60;4.50;108580
11.32;7.11;4.96;108784
11.59;7.31;4.50;108988
10.28;6.91;5.12;109192
10.68;6.26;5.80;109396
9.44;5.72;5.22;109600
9.20;5.55;4.37;109804
8.73;5.72;4.37;110008
7.94;5.21;4.52;110212
7.72;4.82;4.09;110416
7.11;4.67;3.75;110620
6.91;4.52;3.75;110824
6.60;4.37;3.49;111028
6.41;4.14;3.62;111233
6.22;3.86;3.75;111437
6.41;4.00;3.75;111641
7.60;3.72;3.49;111845
7.81;4.05;3.62;112049
7.69;4.20;3.75;112253
9.25;4.64;3.62;112457
8.79;4.49;3.89;112661
10.33;3.83;3.81;112865
10.33;4.70;3.68;113070
9.94;4.55;5.32;113274
12.33;5.35;6.38;113478
11.49;6.22;5.48;113682
12.33;6.12;5.15;113886
13.98;5.41;4.99;114091
12.21;4.09;4.09;114295
13.55;4.52;3.95;114499
13.25;5.41;2.98;114703
12.66;4.83;2.87;114907
12.55;5.66;3.34;115111
11.70;5.66;4.14;115315
11.43;5.94;4.14;115519
10.28;5.94;3.95;115723
9.39;5.41;3.95;115928
10.13;5.08;4.09;116132
10.38;4.92;3.81;116336
9.88;4.77;3.17;116540
9.88;4.61;3.55;116744
9.88;3.62;3.55;116948
9.63;3.12;3.29;117152
11.43;4.52;4.99;117356
13.73;4.83;4.99;117560
13.13;4.09;4.52;117764
12.38;3.81;3.87;117968
13.25;3.60;4.00;118172
14.98;5.06;4.59;118376
15.63;5.55;4.90;118580
16.16;6.45;4.29;118785
16.02;6.84;5.38;118989
16.56;7.56;5.06;119193
15.56;7.36;4.90;119397
16.22;7.27;5.12;119601
15.42;6.87;5.29;119805
16.09;6.99;5.29;120009
16.29;7.39;4.74;120213
15.62;7.39;5.22;120417
14.84;7.48;4.65;120622
13.60;6.49;4.35;120826
14.21;7.07;4.65;121030
14.21;7.39;4.87;121234
14.21;6.79;4.65;121438
13.90;6.41;3.98;121643
15.49;5.51;3.08;121847
14.21;5.41;5.98;122051
13.90;6.12;4.96;122255
13.60;5.58;4.80;122459
13.48;5.94;3.84;122663
13.78;5.94;3.65;122867
13.48;5.25;3.92;123071
13.48;4.77;3.79;123275
13.18;5.25;3.40;123480
12.31;5.25;3.73;123684
12.03;4.61;4.00;123888
12.03;4.55;2.87;124092
11.75;4.70;3.03;124296
12.59;5.02;2.87;124500
10.94;5.45;2.54;124704
7.51;4.05;1.55;124908
8.37;4.20;2.05;125112
8.15;4.28;1.88;125316
7.93;3.86;1.93;125520
8.15;4.28;2.20;125724
7.72;4.14;2.11;125928
6.90;4.14;2.78;126132
6.90;3.72;2.36;126337
6.40;4.08;2.26;126541
6.98;4.08;2.46;126745
7.18;4.22;2.46;126949
6.59;3.94;2.46;127153
7.26;3.67;2.56;127357
7.68;3.88;2.16;127561
7.26;4.02;2.07;127765
8.78;5.24;3.62;127969
8.55;5.24;3.44;128174
8.55;5.08;3.57;128378
9.01;5.14;3.57;128582
9.24;4.76;3.83;128786
9.01;5.14;3.44;128990
9.82;5.24;3.32;129195
9.82;5.93;3.78;129399
10.32;6.11;4.34;129603
10.43;5.65;4.64;129807
10.68;5.65;4.34;130011
12.60;5.38;3.70;130215
13.48;5.05;4.03;130419
13.97;5.72;4.03;130623
13.06;6.83;5.41;130827
13.06;6.37;5.41;131032
13.84;7.35;5.35;131236
12.94;7.35;5.02;131440
12.94;7.68;5.62;131644
11.81;7.06;6.22;131848
11.26;6.87;5.79;132052
11.81;6.29;5.28;132256
11.26;5.75;4.79;132460
11.10;5.93;4.05;132664
10.58;5.93;3.91;132868
10.94;5.65;4.20;133072
11.21;5.65;4.34;133276
11.48;6.08;4.40;133480
12.89;5.28;4.46;133684
12.60;5.51;4.46;133889
12.03;5.58;4.37;134093
11.21;6.49;4.14;134297
10.68;6.12;4.35;134501
10.28;5.58;4.65;134705
10.13;4.77;5.45;134909
11.32;4.99;5.29;135113
10.28;3.95;3.27;135317
11.59;4.23;3.71;135521
12.60;4.23;3.32;135726
12.20;5.48;3.32;135930
11.10;5.83;3.45;136134
11.64;5.25;3.32;136338
11.37;5.76;3.58;136542
11.81;6.22;3.98;136747
11.37;6.60;3.79;136951
13.24;6.04;3.65;137155
12.94;5.11;4.14;137359
12.37;5.51;5.38;137563
12.65;4.40;5.55;137767
12.25;5.11;5.66;137971
12.54;5.11;5.83;138175
15.49;5.97;7.07;138379
15.49;6.08;6.22;138584
15.16;5.55;5.86;138788
14.21;5.97;6.41;138992
12.71;5.28;7.11;139196
11.86;4.86;6.22;139400
10.52;4.95;6.79;139604
9.05;4.64;6.33;139808
9.38;4.25;7.31;140012
9.63;3.83;7.23;140216
9.97;3.97;6.26;140420
9.24;3.57;6.08;140624
8.33;3.70;5.90;140828
9.24;3.49;5.65;141032
9.24;3.37;5.65;141236
9.24;3.37;4.92;141441
9.24;3.68;4.16;141645
9.01;4.03;3.49;141849
9.01;4.31;3.17;142053
10.47;4.31;4.08;142257
10.32;4.17;3.67;142461
10.32;4.61;4.00;142665
8.87;3.55;4.14;142869
9.34;3.81;3.86;143073
9.82;4.00;3.65;143278
9.68;4.59;2.69;143482
10.68;4.90;3.78;143686
10.68;4.74;3.83;143890
10.94;4.65;4.11;144094
11.87;5.29;3.62;144299
12.60;5.29;4.03;144503
11.75;5.12;3.68;144707
11.48;5.87;3.81;144911
11.75;6.34;3.73;145115
12.03;6.34;4.65;145319
11.92;6.64;4.74;145523
11.21;7.04;5.06;145727
9.10;5.66;4.59;145931
9.34;5.32;4.23;146136
8.64;5.15;4.09;146340
7.55;5.25;4.23;146544
6.83;5.25;4.09;146748
6.83;4.77;4.17;146952
7.23;4.46;3.89;147156
7.43;4.17;3.75;147360
7.23;4.17;3.75;147564
6.08;4.25;3.62;147768
5.62;4.25;4.03;147972
6.71;3.57;3.62;148176
6.71;3.32;2.63;148380
5.79;3.75;2.63;148584
5.62;3.44;2.63;148788
5.97;4.86;3.32;148993
6.15;4.64;2.84;149197
6.22;3.78;2.13;149401
6.41;3.27;1.53;149605
6.60;3.52;1.53;149809
6.79;3.32;1.64;150013
6.60;3.27;1.81;150217
6.04;3.27;1.64;150421
6.22;2.69;1.49;150625
6.41;2.42;1.57;150830
7.48;2.22;1.72;151034
8.03;2.63;1.42;151238
8.69;2.63;1.08;151442
10.28;2.96;0.83;151646
11.59;2.89;1.24;151851
11.59;4.11;1.30;152055
14.09;5.69;2.11;152259
12.48;6.91;3.29;152463
10.07;6.44;4.09;152667
9.82;6.18;3.89;152871
9.97;5.65;3.62;153075
10.22;5.65;3.57;153279
8.78;6.00;4.40;153483
6.87;5.93;4.49;153688
7.55;5.08;3.91;153892
8.20;4.61;3.59;154096
7.35;4.76;2.98;154300
7.55;4.61;2.86;154504
7.76;4.76;2.86;154708
7.23;4.92;2.64;154912
8.51;4.46;2.75;155116
8.64;4.16;2.34;155320
9.10;4.22;1.91;155524
10.07;4.37;2.28;155728
9.48;4.82;2.58;155932
9.72;5.48;3.03;156136
9.97;5.41;3.57;156340
6.87;4.46;3.14;156545
6.11;4.31;3.14;156749
5.24;3.75;3.10;156953
5.82;3.12;3.10;157157
5.75;2.89;2.44;157361
6.48;2.77;1.87;157565
6.67;3.49;1.74;157769
6.79;3.44;1.71;157973
6.22;3.31;1.66;158177
6.40;3.56;1.40;158382
6.40;3.56;1.96;158586
6.22;3.78;1.47;158790
5.51;3.39;1.79;158994
5.68;3.26;1.20;159198
4.64;3.39;1.20;159403
6.04;4.19;2.14;159607
7.39;4.58;1.87;159811
7.30;4.58;2.24;160015
8.37;4.73;2.44;160219
7.72;5.54;2.20;160423
7.59;5.21;3.10;160627
8.24;5.04;3.54;160831
7.59;5.21;3.41;161035
7.72;4.88;3.80;161240
7.93;4.58;3.29;161444
7.30;4.43;3.29;161648
6.59;4.43;2.56;161852
6.79;4.58;2.46;162056
6.52;4.13;2.82;162260
7.39;4.28;3.12;162464
7.10;3.99;3.12;162668
6.79;4.58;2.82;162872
6.71;4.58;2.82;163076
6.98;4.73;3.05;163280
7.51;4.88;3.29;163484
7.93;5.04;3.54;163688
7.51;5.44;4.08;163892
7.59;4.88;3.59;164097
7.51;5.54;4.00;164301
7.51;5.21;3.86;164505
8.24;5.04;4.43;164709
8.37;4.79;4.37;164913
7.30;4.48;3.67;165117
7.10;4.95;3.54;165321
7.10;4.58;3.41;165525
7.10;4.43;3.05;165729
8.59;3.99;3.17;165934
7.93;4.13;2.50;166138
7.93;3.26;1.44;166342
8.06;3.26;0.95;166546
7.43;3.02;0.65;166750
5.44;2.27;0.19;166955
4.13;2.48;0.26;167159
4.19;1.82;0.34;167363
3.91;1.99;0.48;167567
4.79;1.99;0.65;167771
4.79;2.09;0.40;167975
4.70;2.18;0.55;168179
3.97;1.99;0.41;168383
3.97;1.94;0.90;168587
4.31;2.12;1.20;168792
4.82;2.12;1.20;168996
4.52;1.85;1.55;169200
4.82;1.89;1.40;169404
4.98;2.01;1.33;169608
5.05;2.10;1.33;169812
6.08;2.93;1.88;170016
6.26;2.86;2.15;170220
6.64;2.64;2.09;170424
6.83;3.03;1.74;170628
6.91;2.80;1.86;170832
6.71;2.84;1.81;171036
5.79;2.58;1.86;171240
5.97;2.84;1.90;171444
5.97;3.07;1.73;171649
5.45;2.73;1.81;171853
5.28;2.42;2.17;172057
5.51;2.52;1.95;172261
5.35;2.42;1.73;172465
5.18;2.13;1.35;172669
5.08;1.89;1.28;172873
3.95;1.98;1.19;173077
4.52;1.64;1.28;173281
4.00;1.45;1.65;173486
4.44;1.93;1.90;173690
4.50;1.76;1.49;173894
3.03;1.93;1.09;174098
1.86;1.17;1.42;174302
1.73;1.40;1.35;174507
2.72;1.40;0.97;174711
2.83;1.43;0.67;174915
2.99;1.16;0.73;175119
3.41;1.32;0.56;175323
3.66;1.57;0.56;175527
4.60;1.60;0.60;175731
6.10;1.60;0.88;175935
5.67;1.72;1.02;176139
5.23;1.88;1.14;176344
4.91;1.97;1.20;176548
5.57;1.97;1.23;176752
7.25;1.88;1.30;176956
7.46;1.75;1.33;177160
8.22;1.87;1.19;177364
6.89;1.87;0.67;177568
6.80;2.29;0.76;177772
6.42;2.60;1.00;177976
6.24;2.88;1.36;178180
6.53;3.06;1.91;178384
6.72;2.83;1.96;178588
7.32;2.79;2.05;178792
8.39;2.79;2.29;178996
7.44;2.79;2.29;179201
7.44;2.47;2.19;179405
9.45;2.68;1.97;179609
10.44;3.13;1.72;179813
10.33;4.04;1.80;180017
10.85;4.78;1.80;180221
11.38;4.87;2.45;180425
14.47;6.34;4.45;180629
14.79;5.36;4.16;180833
16.10;6.24;3.88;181038
16.64;7.20;2.66;181242
15.17;7.53;3.35;181446
15.49;7.95;4.16;181650
14.72;8.08;5.40;181854
15.04;8.98;5.16;182059
14.91;8.88;5.84;182263
13.97;8.56;6.50;182467
13.97;8.69;6.31;182671
13.36;8.69;6.61;182875
14.27;8.92;6.53;183079
15.75;8.83;6.92;183283
16.09;8.60;7.04;183487
17.12;8.92;7.04;183691
19.67;9.63;6.92;183896
18.40;9.88;6.72;184100
19.14;10.90;6.53;184304
17.32;11.32;8.39;184508
15.95;11.05;7.65;184712
16.63;10.43;8.08;184916
15.95;7.85;7.56;185120
20.29;9.68;7.15;185324
18.77;10.68;7.56;185528
21.72;10.07;11.00;185732
22.13;9.10;11.70;185936
20.37;11.53;9.78;186140
17.75;11.26;8.15;186344
17.04;10.47;8.37;186548
16.02;9.24;7.72;186753
18.84;9.97;8.60;186957
17.96;10.12;8.07;187161
17.04;9.87;6.83;187365
14.58;9.63;7.76;187569
14.90;9.38;7.14;187773
12.77;7.72;5.31;187977
11.10;7.51;5.82;188181
9.58;6.71;5.58;188385
10.07;6.14;5.24;188590
11.64;6.83;4.76;188794
12.48;6.44;5.34;188998
12.48;7.02;5.18;189202
11.47;7.02;5.34;189406
10.42;7.02;5.86;189611
11.21;7.02;6.22;189815
10.52;6.83;6.04;190019
10.52;6.71;6.04;190223
11.69;6.52;6.04;190427
11.97;6.40;6.22;190631
11.97;6.59;5.34;190835
14.02;9.15;6.87;191039
14.33;8.46;7.47;191243
12.42;8.02;6.48;191448
10.63;6.79;6.11;191652
10.02;6.90;4.92;191856
10.27;6.52;4.76;192060
9.05;5.79;4.61;192264
8.37;5.61;4.70;192468
9.29;5.27;4.85;192672
9.38;5.61;4.55;192876
10.63;5.61;4.70;193080
10.37;5.27;5.01;193284
9.38;4.48;3.97;193488
11.15;4.34;4.11;193692
11.58;4.05;5.01;193896
9.77;4.48;6.71;194100
9.63;3.78;5.89;194305
9.29;3.91;5.21;194509
10.12;2.95;5.54;194713
9.05;2.95;5.04;194917
7.93;2.67;4.88;195121
8.24;2.67;4.67;195325
8.02;2.26;3.94;195529
7.89;2.10;3.67;195733
9.72;2.01;3.17;195937
10.12;1.87;2.33;196142
9.38;2.80;2.14;196346
9.87;3.65;3.21;196550
10.63;3.72;3.39;196754
12.14;4.14;2.95;196958
11.86;3.59;3.07;197163
11.42;3.72;3.19;197367
13.60;3.59;2.41;197571
13.60;4.00;2.95;197775
14.40;4.95;3.02;197979
14.40;5.55;3.31;198183
15.68;6.56;4.25;198387
12.03;5.82;3.39;198591
10.94;6.18;3.97;198795
11.47;6.18;4.55;199000
11.47;6.11;4.25;199204
12.14;6.87;4.95;199408
12.59;6.67;4.05;199612
12.03;7.06;4.70;199816
11.91;7.39;5.18;200020
11.37;7.39;5.96;200224
11.64;7.10;6.14;200428
12.19;7.72;5.72;200632
13.06;7.72;6.63;200836
12.65;7.85;6.83;201040
12.36;8.28;6.25;201244
10.99;8.50;6.44;201448
10.99;9.34;8.87;201652
13.06;9.10;7.76;201857
14.27;9.58;7.34;202061
13.06;9.34;7.63;202265
13.36;8.41;7.63;202469
13.36;7.34;6.63;202673
13.18;7.02;5.72;202877
13.78;6.83;6.44;203081
13.48;6.63;5.54;203285
13.18;6.14;5.96;203489
15.68;6.33;5.44;203694
16.35;7.93;5.34;203898
16.56;8.37;6.98;204102
14.58;7.72;6.04;204306
12.36;6.90;5.86;204510
10.07;5.79;6.40;204715
9.82;5.44;5.86;204919
10.83;3.78;5.34;205123
11.37;4.64;5.44;205327
10.83;4.05;5.96;205531
10.32;4.19;6.52;205735
8.73;3.91;6.83;205939
8.96;3.56;5.72;206143
10.52;3.07;5.37;206347
9.67;3.12;4.88;206552
10.17;2.67;4.13;206756
10.17;2.26;3.86;206960
9.67;2.82;3.51;207164
9.92;3.41;3.91;207368
10.68;3.67;3.91;207572
10.42;4.52;3.51;207776
10.17;4.82;3.39;207980
10.17;4.76;3.51;208184
9.92;4.92;3.51;208388
10.52;5.08;3.78;208592
9.77;4.92;3.64;208796
9.53;4.16;3.44;209000
6.90;2.56;1.85;209204
7.39;2.93;2.12;209409
8.91;2.50;2.12;209613
9.15;2.86;2.12;209817
9.97;3.46;2.07;210021
10.63;3.46;2.01;210225
10.89;3.52;2.05;210429
10.73;3.78;2.44;210633
11.26;4.79;2.48;210837
10.89;4.95;2.32;211041
10.37;5.05;2.84;211246
11.42;5.05;3.07;211450
10.89;4.43;3.07;211654
11.15;3.91;2.84;211858
10.63;4.79;2.26;212062
13.42;6.33;4.17;212267
12.83;6.33;3.24;212471
11.69;5.97;3.49;212675
11.69;6.52;3.62;212879
11.81;6.04;3.95;213083
10.73;6.41;4.37;213287
10.43;6.60;4.37;213491
10.68;6.04;4.37;213695
10.68;6.12;3.81;213899
10.43;6.12;3.87;214104
10.17;6.30;3.92;214308
10.17;6.12;4.20;214512
9.34;5.41;3.79;214716
9.68;5.51;3.45;214920
9.92;5.35;3.20;215124
10.43;5.51;3.27;215328
10.17;5.69;3.65;215532
9.92;6.15;3.65;215736
10.43;6.15;3.15;215940
10.17;5.97;3.03;216144
8.73;5.79;3.79;216348
8.07;5.45;3.73;216552
9.68;5.28;3.60;216756
9.92;5.45;3.60;216961
10.94;5.62;4.14;217165
11.75;5.86;3.92;217369
12.31;6.41;4.20;217573
12.48;6.99;4.35;217777
11.10;6.91;4.96;217981
10.32;7.11;5.12;218185
10.07;6.33;5.29;218389
10.47;5.62;4.74;218593
10.99;6.15;4.90;218798
10.22;6.52;5.22;219002
9.58;6.44;4.99;219206
10.58;6.64;4.83;219410
8.87;4.58;3.81;219614
9.82;5.28;3.62;219819
9.72;5.45;3.75;220023
10.22;5.28;3.55;220227
9.97;5.28;4.23;220431
10.47;5.62;3.55;220635
11.69;6.08;3.89;220839
10.89;6.44;4.77;221043
10.52;6.00;4.46;221247
10.02;5.82;4.46;221451
9.05;5.65;4.40;221656
9.53;5.31;4.11;221860
9.29;5.65;3.97;222064
9.29;5.48;3.91;222268
9.53;5.48;4.11;222472
11.58;6.95;5.69;222676
12.14;6.95;4.79;222880
11.58;7.14;4.95;223084
11.58;7.35;5.02;223288
11.05;7.35;5.51;223492
10.52;6.95;5.62;223696
11.15;6.95;5.35;223900
10.89;6.75;4.70;224104
11.26;7.03;5.08;224308
10.47;6.75;4.37;224513
10.58;6.64;5.15;224717
10.68;5.55;4.52;224921
10.17;5.62;4.52;225125
10.13;6.22;3.73;225329
9.15;5.76;4.74;225533
8.24;5.58;4.50;225737
7.90;5.66;3.58;225941
8.33;5.38;4.04;226145
8.56;5.06;3.50;226350
8.33;4.90;3.18;226554
7.81;4.44;2.41;226758
7.69;4.35;3.01;226962
7.48;4.50;2.90;227166
6.87;3.60;2.47;227371
6.68;3.47;2.17;227575
6.38;3.87;1.93;227779
5.90;3.60;2.02;227983
6.16;3.60;1.68;228187
6.92;3.79;2.36;228391
7.53;3.03;1.85;228595
7.95;3.45;1.93;228799
8.30;3.32;2.31;229003
8.30;3.25;1.53;229208
7.65;3.25;1.93;229412
7.65;2.83;1.41;229616
7.56;2.55;1.02;229820
7.77;2.88;1.08;230024
5.73;1.72;0.96;230228
6.08;2.35;1.17;230432
5.80;2.45;1.41;230636
6.27;2.60;1.30;230840
6.45;2.60;1.27;231044
5.55;2.29;1.41;231248
5.55;2.29;1.10;231452
6.27;2.19;1.30;231656
6.45;2.39;1.23;231860
6.57;2.29;1.30;232065
6.38;2.05;1.67;232269
6.01;1.50;1.44;232473
6.01;1.91;1.17;232677
6.38;1.74;1.10;232881
6.57;2.09;1.07;233085
8.08;2.58;1.87;233289
7.99;2.91;2.39;233493
7.04;2.69;2.01;233697
7.04;2.37;2.39;233902
6.72;2.91;2.49;234106
6.61;2.69;1.83;234310
6.05;3.39;1.51;234514
5.60;3.26;1.17;234718
5.77;3.14;1.13;234923
5.00;2.97;1.33;235127
4.45;3.14;1.55;235331
4.45;2.80;1.70;235535
4.66;2.32;1.62;235739
4.57;2.32;1.55;235943
4.73;2.67;1.43;236147
5.04;2.30;1.12;236351
4.88;2.30;0.69;236555
4.64;2.50;0.81;236760
4.79;2.44;0.97;236964
4.95;2.34;1.31;237168
4.95;2.25;1.45;237372
4.95;2.30;1.31;237576
5.79;2.44;1.31;237780
5.79;2.55;0.70;237984
5.11;2.99;0.80;238188
5.44;3.06;1.41;238392
5.44;2.94;1.48;238596
5.44;2.94;1.71;238800
5.11;2.94;1.60;239004
4.79;2.72;1.68;239208
4.79;2.72;1.76;239412
4.64;2.56;1.76;239617
4.64;2.46;1.68;239821
4.34;2.26;1.84;240025
3.64;2.16;1.76;240229
3.51;2.16;1.60;240433
2.48;1.64;0.91;240637
2.28;1.57;1.02;240841
2.18;1.42;1.02;241045
1.69;1.21;1.08;241249
1.77;1.08;0.97;241454
2.56;0.97;0.66;241658
1.98;0.86;0.50;241862
2.21;0.91;0.43;242066
2.44;0.88;0.36;242270
2.94;0.83;0.50;242475
3.42;0.90;0.50;242679
3.81;0.90;0.50;242883
3.68;1.10;0.50;243087
3.68;0.82;0.78;243291
2.89;0.93;0.78;243495
3.81;1.37;0.99;243699
3.68;1.37;0.75;243903
3.35;1.59;1.08;244107
4.15;1.30;1.11;244312
4.74;1.67;1.11;244516
4.01;2.29;1.93;244720
4.44;2.39;1.93;244924
4.74;2.81;2.15;245128
5.73;2.81;2.25;245332
5.22;2.86;2.25;245536
6.09;2.53;2.06;245740
7.57;2.70;2.34;245944
7.99;2.14;2.87;246148
8.12;2.14;3.68;246352
8.56;2.14;3.62;246556
8.24;2.75;3.76;246760
8.46;2.29;3.97;246964
8.69;2.19;3.26;247169
8.37;1.67;3.02;247373
8.15;1.83;3.02;247577
8.06;1.67;2.91;247781
8.28;1.75;3.33;247985
7.75;1.54;3.59;248189
7.54;1.92;3.66;248393
6.74;2.01;3.80;248597
7.14;1.83;3.74;248801
6.94;1.83;3.88;249006
6.94;1.59;3.30;249210
7.67;1.67;3.18;249414
6.85;1.75;3.18;249618
7.14;1.67;2.83;249822
7.34;1.92;2.83;250027
7.22;1.83;2.79;250231
6.25;2.29;2.47;250435
5.79;2.81;2.90;250639
6.15;2.92;2.90;250843
5.79;2.87;2.21;251047
4.64;2.01;1.68;251251
4.05;2.19;1.68;251455
3.91;2.29;1.56;251659
3.70;2.19;1.41;251864
3.64;1.92;1.67;252068
3.57;1.83;1.51;252272
3.44;1.87;1.47;252476
3.31;1.75;1.47;252680
3.31;1.67;1.26;252884
3.14;1.67;1.40;253088
3.39;1.51;1.13;253292
3.02;1.51;0.95;253496
3.51;1.51;0.84;253700
4.05;1.67;1.01;253904
3.72;1.55;1.19;254108
5.04;1.97;1.47;254312
5.37;1.97;1.62;254516
5.64;1.97;1.40;254721
5.14;1.68;1.13;254925
3.93;1.38;1.07;255129
3.80;1.11;0.95;255333
4.36;1.11;1.01;255537
3.53;1.17;0.65;255741
3.66;1.38;0.74;255945
3.16;1.05;0.57;256149
